Red Channel:
L00: 1.061185
L1-1: 0.623485
L10: 0.003350
L11: -0.042727
L2-2: -0.064079
L2-1: 0.011075
L20: -0.051533
L21: -0.145462
L22: -0.549689

Green Channel:
L00: 1.148400
L1-1: 0.692547
L10: 0.013798
L11: -0.042227
L2-2: -0.075143
L2-1: 0.012708
L20: -0.058484
L21: -0.077097
L22: -0.513214

Blue Channel:
L00: 1.042324
L1-1: 0.835327
L10: 0.003751
L11: -0.041725
L2-2: -0.079834
L2-1: 0.021561
L20: -0.050885
L21: -0.112392
L22: -0.582695
